camera_matrix:
- - 1186.1639849837916
  - 0.0
  - 543.0527310820684
- - 0.0
  - 1185.2205241093611
  - 712.1922081227964
- - 0.0
  - 0.0
  - 1.0
dist_coeff:
- - 0.28075914881015585
  - -2.297518205640304
  - 0.000813042754504366
  - 5.0188080095366444e-05
  - 6.41995199718846
reprojection_error: 0.020334251454333627
