camera_matrix:
  - - 1867.5193252780161
    - 0.0
    - 963.9611182858672
  - - 0.0
    - 1846.022890446151
    - 871.484642785202
  - - 0.0
    - 0.0
    - 1.0
dist_coeff:
  - - -0.077836726834102
    - -1.2635423748950418
    - -0.016584007570833167
    - 0.0067477259926061895
    - 3.565341868346131
reprojection_error: 0.14528073532450872
