camera_matrix:
- - 1585.0679777666232
  - 0.0
  - 959.4566691886901
- - 0.0
  - 1585.3260495350967
  - 683.2288880626569
- - 0.0
  - 0.0
  - 1.0
dist_coeff:
- - 0.1063325602328473
  - -1.123499732193898
  - 0.00030619735463704816
  - 0.00707877313735274
  - 2.33559818794739
reprojection_error: 0.16485303146273178
