camera_matrix:
- - 1595.152544642975
  - 0.0
  - 919.4340689844539
- - 0.0
  - 1596.3432279824729
  - 673.7226379232661
- - 0.0
  - 0.0
  - 1.0
dist_coeff:
- - -0.0594025979194477
  - -0.13401995158482957
  - 0.0006919546068133427
  - 0.00355097584687623
  - 0.37934172789978077
reprojection_error: 0.19822764251238573
