camera_matrix:
  - - 1071.10976785472
    - 0.0
    - 553.0454386951907
  - - 0.0
    - 1037.9290489473983
    - 678.9988346497018
  - - 0.0
    - 0.0
    - 1.0
dist_coeff:
  - - -0.1294242115154856
    - 0.33192048097771415
    - -0.008107039260118642
    - 0.005065019202421869
    - -0.3172017029678671
reprojection_error: 0.14073290027567323
