camera_matrix:
- - 2970.8522336325473
  - 0.0
  - 1848.732881446918
- - 0.0
  - 3019.442273901058
  - 1530.3526028974522
- - 0.0
  - 0.0
  - 1.0
dist_coeff:
- - -0.029963328063681488
  - -0.343990546371833
  - -0.0035086709222175777
  - 0.00481182993952333
  - 0.5768730035530161
